46,4
42,1
42,3
46,1
46,3
10,66
10,107
10,172
10,248
10,80
10,70
8,10
8,14
8,7
8,8
8,5
8,2
8,3
57,4
57,3
57,2
57,1
57,0
56,5
56,4
56,3
56,2
56,1
56,0
53,5
53,4
53,3
53,2
53,1
53,0
51,5
51,4
51,3
51,2
51,1
51,0
47,5
47,4
47,3
47,2
47,1
47,0
44,4
44,3
44,1
40,4
40,3
40,1
37,3
37,1
20,3
20,2
20,1
19,3
19,2
19,1
14,5
14,4
14,2
14,0
12,3
12,2
12,1
11,28
11,27
11,26
11,25
11,24
11,23
11,22
11,21
11,20
11,19
11,18
11,17
11,16
11,15
11,14
11,13
11,12
11,11
11,10
11,9
11,8
11,7
11,6
11,5
11,4
11,3
11,2
11,1
10,299
10,298
10,293
10,270
10,267
10,262
10,253
10,140
10,121
10,1
10,9
